#out_nij0_in_nij7[msb-lsb],out_nij0_in_nij6[msb-lst],....,out_nij0_in_nij0[msb-lst]#
#out_nij1_in_nij7[msb-lsb],out_nij1_in_nij6[msb-lst],....,out_nij1_in_nij0[msb-lst]#
#................#
00000000000000000000000000000000
00000000000000000000000000000000
00000000000000000000000000000000
00000000000000000000000000000000
00000000000000000000000000000000
00000000000000000000000000000000
00000000000000000000000000000000
00000000000000000000000000000000
00000000000000000000000000000000
00000000000000000000000000000000
00000000000000000000000000000000
00000000000000000000000000000000
00010000000000000000000000000000
00000001000000000000000000000000
00000000000100000000000000000000
00010000000000000001000000000000
00000001000000000000000100000000
00000000000100000000000000010000
00000000000000000000000000000000
00000000000000000000000000000000
00000000000000000000000000000000
00000000000000000000000000000000
00000000000000000000000000000000
00000000000000000000000000000000
00000000000000000000000000000000
00000000000000000000000000000000
00000000000000000000000000000000
11000101001000000000000000000000
10111100010100100000000000000000
00001011110001010000000000000000
00000000000000001100010100100000
00010000000000001011110001010010
00000001000000000000101111000101
00000000000000000000000000000000
00000000000000000001000000000000
00000000000000000000000100000000
00000000000100000000000000000000
00000000000000010000000000000000
00000000000000000000000000000000
00000000000000000000000000010000
00010000000000000000000000000001
00000001000000000000000000000000
10100100010100000000000000000000
11111010010001010001000000000000
00001111101001000000000100000000
00000000000000000000000000000000
00000000000000000000000000000000
00000000000000000000000000000000
00000000000000000000000000000000
00000000000000000000000000000000
00000000000000000000000000000000
00000000000000000000000000000000
00000000000000000000000000000000
00000000000000000000000000000000
00000000000000000000000000000000
00000000000000000000000000000000
00000000000000000000000000000000
00000000000000000000000000000000
00000000000000000000000000000000
00000000000000000000000000000000
00000000000000000000000000000000
00000000000000000000000000000000
00000000000000000000000000000000
11111111110000000000000000000000
10011111111111000000000000000000
00001001111111110000000000000000
11111111111100001111111111000000
10001111111111111001111111111100
00001000111111110000100111111111
00000000000000001111111111110000
00000000000000001000111111111111
00000000000000000000100011111111
