#time0row7[msb-lsb],time0row6[msb-lst],....,time0row0[msb-lst]#
#time1row7[msb-lsb],time1row6[msb-lst],....,time1row0[msb-lst]#
#................#
00110000000000000000000000110010
01000000001000100011000000110010
00100000010001000101000010000010
00000000000000000000000000000000
00000000000000000000000000000000
00100000000100010010000000100001
00010000000000000000000000110000
00010000000000000001000001110001
00010000000000000001000010000001
00110000000000010010000000110010
00110000001000010011000000100011
00110000001100010001000001010011
01000000001100100011000001010011
01000000010000110101000000010011
00110000001100010011000000110100
00010000010100001000000001000100
00000000010000000001000001100001
01000000010000100001000010000010
00110000000100100010000001000001
00100000001100000011000000100001
00100000010000100100000000010001
00100000000000010000000100000001
00010000000000100010000100010000
00000000000000010001001001000000
00000000000000000000001001000000
00000000000100100010000000100000
00010000000100010010000000110000
00010000001000100001000001100000
00010000001000110011000001010000
00010000000000010001000000100000
00010000000000000000000000110001
00010000000100000100000000100001
00000000001000000011000000010001
00000000000000000000000001000001
00100000000000000000000001000001
00110000000100010010000000110001
00100000001100110101000010000010
00000000000000000000000000000000
00000000000000000000000000000000
00100000000100010010000000010000
00010000000000000000000000010000
00100000011000101001000000000001
00000000000100000000000100000011
00100000000000000000000000100011
00110000000100000010000000110011
01000000001100100100000001000011
01000000001000100001000001010011
01000000000100010010000001000011
01000000000100010011000001000100
00110000001000000011000001100100
00100000010000010011000001110010
00110000001101000011000001010010
00110000000000100000000000010001
00110000000100110001000000100001
00100000001001000011000100010001
00010000000000010000001000010001
00000000000000010010000100100001
00000000001000010100000101000000
00000000000000000000001001000000
00000000000000010001000000100000
00010000001100010011000000100000
00010000010100110100000001010000
00010000001000010010000001010000
00010000000100000001000001100000
