#col0row7[msb-lsb],col0row6[msb-lst],....,col0row0[msb-lst]#
#col1row7[msb-lsb],col1row6[msb-lst],....,col1row0[msb-lst]#
#................#
01110000110110011001011111100100
01111001110010011001011110101111
01110001011010010111011101110010
10011100001010011001011111011111
01111001101110010111100110011100
01111001011110010111011100101110
10010011011110011001100110100111
01111001011010010111100111111100
01111001011101110111011101110010
11011011101110011001100101010001
11111001100110011001000111001001
01101011100110011110110100111001
10101111110010101001000001100010
10011001100110011001000000001001
10011001110110011101111000110000
11000110111110011110101101001110
11101001100110010000101001111001
00001001010010010000000001111001
01110101011110011001011101110100
10010111011101111001011101111111
10011001111010010111011110011101
10010111011101110111011101111001
01110111011101110111100101110111
10011001100110011001100110011100
10010111011101110111011101110111
10010111011101111001100110010111
01111001011110010111011110011001
10010111011101111001011111111111
10010011111010011001011110010101
10011001100110011001011110011101
10010110011110011001011101111101
01110111000110010111011101111100
01111010011110011001011101111100
10010000011110011001011101111001
01110001011110011001011101110000
01111010011110010111011111101101
10011001000010011001011110011101
10011001000010010111100110011001
01111001111010011001100110011001
01111010011110010111011101111001
01110100010101110111100110011001
01111101011101110111100110011011
01110000011101110111011110010001
01110011011110010111100101111100
10011110011101110111100110011111
01111011111010011001011100001001
10011001100110011001100111111001
10011010000010111001010111001001
01111100010010011001011111001110
10011001000110011001000011011011
01111001010010010111110011100000
10101111011010011110110111011110
10011001011010011001111100101111
10111011001010011001110011100001
01110110011101110111011110011111
10010110011110011001011110010100
01111011011110011001011110011011
01110110011101110111011101110001
10010111011110011001011101110111
01111010101110011001100110011001
01110111011101111001011101110001
10010111011110011001011101110111
10011011110110011001100101111101
01110100010001111001011110010101
01111101000001111001011110010000
10010001000010011001011101111110
01111101000101111001011101110011
01111001000001110111011101111110
01111001011110011001011101111101
01110101010110010111011101111101
01111100011010010111100101111101
10011111000110010111100101111101
